A=[5 -3 -3;3 3 -2;2 -1 2]
B=[-1;-10;8]
X=A\B
A*X
